=== CHUNK 0 (len 1056) ===
CAMSkgYVigHM2swNqASxpNAFsCpMuAudApqJ_A64rwUjSwHXkQbIwwa8gQbPIOsC8w7BFKiJBPUGA8usvheQxf4D0g6qBrYCBJeEBLFo4Sy-gAWD0NwGh2qniQQ-sDH4QL5LiwXTogaFpwb-LaAC5aMFQu9OtAWSfIg75PMFkOUOmXeVfdwa2poGlwXPVZZbjm0D2GenVPYJuxOyEqQA4N8Go1E6qFmmBprYBqVKnD7SBbJLn8UGCIFiXNc46I0GygYwpyPwF7BezEPENats3R67FooEbu0AsUyxLIsUFJ8-sja7PvGRBtwUUtoL5hHzLd1LJoESmHzdGqka9Z8GFMIToVHHErhKjGPjFJ8FzCi4LsdNnB2PD6fD0wbY3p4GntdHggulRsJCnCailgOKAoUusBNw40icboh-1xalHY6wBt7TBckLm44G3gQFqReVTLoLxii0AgP2pwavWAP-PMGaBsOaBT7ebNbWBvEbzwOyRg8DyxmEE-QN60WJENVmnRD2MY47thMrhD_wPQOuI8VtgxPL-wbxBvAmoQbpLeoSpDPSCNwvsA7iN4gpo2uIGczuBgMDrmWAAwTWAbFMzQjHGf0GugTFIp4ZiA38EalXAwNhjQLNDQMDI8oDAwP5EzwDA-YZsATJBAPeI062Aqk48TrFaMsxqyREA_t95TjYBgPZAv8DAwMDA7gemAahAu4MkSvRVcgAvwDJJQOHCsoJmAHMGkQDAwMDhxDhBcQFhk2rCYc34gO4AQMDggDTAD_RFYcO4h_nH4UR2hyLLGjBF942iRasCp4ZxAUJjhmUBtAj_EzkhQbbLKg_AwOkLOwhA70JlwzLUMfMBroh4AWAEZwM8QWeTMoMjgbTCM1WnhgezA3vDpAajzkD6wbBogaQArAd0g_nMQCpZo8KyR3gGL8FLYYJsAO3D9EaGh8RgzDBFoYKgxUEBATpD-QEpCTNBYkJ2wqtJ_wBuB2hAtoBiAWTDr4WtyyXKK4NrwWBHAMB1AwDA_ZUi2y2CQO2Xrcm4Vq8UvmB1ALmugiA_Uyg35AGHQc=

=== CHUNK 1 (len 238) ===
en,en-gb,ko,ja,ru,de,fr,zh,zh-CN,zh-TW,es,es-419,es-MX,it,nl,pl,pt,pt-BR,pt-PT,id,th,hi,vi,tr,ar,ar-001,ar-EG,ar-SA,bn,sv,cs,hu,el,fa,ro,da,sk,fi,uk,no,bg,sr,he,hr,lt,sl,et,iw,lv,sw,te,ta,gu,kn,ml,mr,ur,en-AU,en-IN,nl-BE,es-ES,en-CA,fr-CA

=== CHUNK 2 (len 10305) ===
%.@.null,null,"CNvHteiq45YDFY-gagUd0Gwzog",1789019990877151,[106434338,106381529,106052698,97957502,101415391,105905251,99900709,98007827,99976514,106337958,99892726,106250366,106221460,99471524,106165608,102936975,98065058,105494006,106531402,99948577,106346665,48751622,105968826,93771911,101401299,106648176,101413212,106307813,106342759,98432627,99594420,106564973,97947348,106592448,99964540,106191770,100116451,106489183,101425703,97539133,106226210,48770125,105943975,106477818,106096019,99488547,98185219,99689210,106156175,99615958,106579147,105630782,99819041,97983008,106157970,99988913,100066649,98365606,102390179,98244924,99610507,98402550,99966081,105892924,106553210,101413115,106028748,106394151,99819949,93869715,99600005,106033596,48793906,98306182,105976387,106585267,98073364,99670414,97946692,99504449,99599022,99506563,106604979,98007104,100182209,99671466,99513771,105901316,99866822,101404177,106271089,105763639,106390385,98359633,99628907,106575006,105786816,99898118,98077490,105872032,99858536,106443235,98128166,99481326,106143150,106558719,106165371,100225440,93802670,106474494,106573262,106129472,100072726,99490006,100153255,99722747,106446153,106445976,99473637,100130512,99593568,99986742,98322555,105881033,105943647,105946672,98113707,99895597,99476943,106604017,105561153,99947946,99472926,106155982,93882194,106546690,98215931,97613020,106218863,105883026,97926470,99624125,106525112,106357987,105595420,106143679,106337819,98379105,106444992,106602922,106479282,98342272,106583429,106510901,100006208,99939538,99487566,97493660,106129853,101401510,97792271,97488662,120813063,98382055,106121924,97883218,100048871,106642160,105789426,99663832,106044807,106114907,106284738,99526247,99645643,100133257,106671798,106530696,99485065,97892004,106426268,99515732,106599311,97607981,106163834,98158525,106162789,99654660,97603698,106546179,99823318,105851587,99925708,98391956,99880739,98191418,106212866,99826772,105958692,98006703,99475402,105958469,106265514,100036047,106394884,105990725,106323633,106473894,106157333,99730398,106617024,106660845,99598317,106310305,105928587,99603298,106341662,105601245,99479565,99507754,100190926,99885802,97772427,106446423,106227896,100091451,99483077,105840351,48838566,106072234,106132813,99631437,106648838,93875831,99934497,99605903,97556431,98006507,106469643,106131672,106004771,106299364,98239739,106390461,105914506,99698403,98334717,106484040,106113919,106136827,99822046,106581661,100015463,106071893,106573217,99851364,106101798,99601757,106605298,48794107,106113460,106409941,98212270,98257186,97613488,105892611,106283306,98302901,106398187,106195712,99636535,105960451,99479846,99470393,106579055,99593858,99836192,99690681,105773813,99469609,101416286,99824019,105818873,106584108,106045665,99848142,99618112,99853544,105504422,98432974,99595828,99709717,105810619,99706776,106399801,106074273,105998984,106153444,105677885,101404458,100196807,106286970,106446033,106058542,106470092,98165830,99634103,98111354,106041712,100080155,97925910,48897767,106255219,1706538,105776000,99649844,100056853,99674197,99603798,99521548,106446810,106472437,105809214,97785988,100138718,97566007,106415443,100085346,101404529,99612559,99856069,97842258,98320412,106254252,105787964,106536552,100167195,106645399,106242475,106287751,106667678,101425631,99922483,93869741,105986551,99627490,101416393,100024075,106299308,98387201,105910110,99820707,98104042,106396344,97656899,97621697,105666543,98300006,101413334,97508218,97587498,100161733,106237465,98064486,48774395,106600233,119663224,106612766,106047003,106588649,99835421,106128779,106439003,106035905,106571232,106547818,99643472,106574517,99597466,93846296,105736498,106155214,105739272,98052783,106161923,48897103,106420948,106361439,106601568,106530737,117434431,99843086,105601814,106165304,106279491,106296019,106594030,99888733,106617518,98144163,101415231,106022434,101426080,98006670,99864886,106104861,98114194,106463628,106201346,106552557,106038767,106179852,106345648,106609906,101421792,106632606,106322648,97762358,99982051,106160739,99519349,106460106,106347161,98198723,97493638,99684869,100011249,99874442,106631921,106187073,106341810,106086656,105885696,99474981,97488599,106313545,106018639,100651813,105725231,100175036,106601854,106101680,106443746,99697492,105727262,101422070,106566111,106060339,1714246,106470304,106511322,106442394,97620332,106436873,99818970,101415975,99469328,106340828,99837674,99819340,106113581,106477218,99511369,99620681,101422874,106596433,105746677,106048197,99846648,99469040,106305761,106277869,105905668,106385818,106234071,97442199,105939837,97677265,106571109,106426587,99592562,99871499,100098744,98010011,119694885,106458894,99498692,99592777,106063082,106329761,106475868,100056082,101415147,93842111,106520406,99472155,106569889,106610437,105889671,99955158,98261572,106026963,106470490,106488819,101412504,105946971,106550207,99827753,101401158,106233408,93869728,106138670,106593320,106095268,99959219,97603679,106265501,97731430,106437873,97684925,106155034,105942938,99470679,106574367,106258538,98436962,98184962,100022604,106665266,106036024,106396896,99825651,106412107,99831348,99502615,105854213,97489035,106392185,105715278,106646451,106114332,106644570,106052443,106283308,106283322,106610618,106434334,106381525,106052694,97957496,101415372,105905246,99900690,98007821,99976495,106337954,99892707,106250362,106221456,99471505,106165609,102936956,98065561,105494001,106531396,99948558,106346660,48751618,105968823,93771905,101401280,106648172,101413193,106307808,106342173,98432622,99594401,106564969,97673436,106592445,99964521,106191765,100116432,106489178,101425684,97539127,48770120,105943452,106391431,106096013,99488528,98185213,99689191,106156169,99615939,106579141,105630778,99819022,97983003,106157965,99988894,100066630,98365600,102390160,98238493,99610488,98402542,99966062,105892920,106553206,101413096,106028745,106394147,99819930,93869710,99599986,106033592,48793902,98306176,105976382,106585262,98073330,99670395,97946686,99504430,99599003,99506544,106604973,98007094,100182190,99671447,99513752,99866803,101404158,106271085,105763633,106390381,98359627,99628888,106575001,105786812,99898099,98077484,99858517,106441801,98128157,99481307,106143144,106558715,106165363,100225421,93802665,106474489,106573258,106129468,100072707,99489987,100153236,99722728,106446145,106445970,99473618,100130493,99593549,99986723,98322549,105881027,105943643,105946667,98052914,99895578,99476924,106604014,105561147,99947927,99472907,106155977,93882189,106546684,98215926,97613014,105883022,97926464,99624106,106525103,106357983,105595414,106143674,106337816,98379102,106444971,106602918,106479277,98342268,106583424,106510897,100006189,99939519,99487547,97493642,106129845,101401491,97792265,97488657,106645085,98382049,106121918,97883213,100048852,106642156,105619371,99663813,106044803,106284734,99526228,99645624,100133238,106671793,106530693,99485046,97891999,106426263,99515713,106599307,97607976,106163828,98158519,106162784,99654641,97603690,106546174,99823299,105851583,99925689,98391951,99880720,98191413,106212859,99826753,105958680,98006697,99475383,105958464,106265509,100036028,106394880,105990719,106323628,106473891,106157328,99730379,106617016,106660841,99598298,106310301,105928583,99603279,106341657,105601241,99479546,99507735,100190907,99885783,97772421,106446416,106227892,100091432,99483058,105840346,48838561,106072229,99631418,106648834,93875825,99934478,99605884,97556423,98006501,106469637,106131664,106004767,106299361,98239733,106390457,105914501,99698384,98334711,106484036,106113915,106136822,99822027,106581211,100015444,106071887,106573212,99851345,106101794,99601738,48794102,106409937,98212264,98257181,97613479,105892608,106283261,98302895,106398181,106195704,99636516,105960447,99479827,99470374,106579051,99593839,99836173,99690662,105773809,99469590,101416267,99824000,105818869,106584103,106045657,99848123,99618093,99853525,105504416,98432968,99595809,99709698,105810613,99706757,106399797,106074266,105998978,106153441,105677880,101404439,100196788,106286966,106446029,106058539,106470088,98165827,99634084,98111347,106041704,100080136,97925905,48897761,106255210,105775993,99649825,100056834,99674178,99603779,99521529,106446805,106472433,105723094,97785970,100138699,97566001,106415440,100085327,101404510,99612540,99856050,97842252,98320406,106254246,105787960,106536546,100167176,106645396,106242472,106287747,106667675,101425612,99922464,93869736,99627471,101416374,100024056,106299304,98387194,105910106,99820688,98104037,106396340,97656881,97621692,105666528,98300000,101413315,97508211,97587493,100161714,106237460,98064480,48774390,106600229,119663205,106574866,106588644,99835402,106128771,106438997,106035897,106571228,106547814,99643453,106574511,99597447,93846291,105736492,106155209,105739254,98052778,106161918,48897097,106420942,106361434,106601563,106530734,117434412,99843067,105601808,106165296,106274957,106296015,106594025,99888714,106617514,98144149,101415212,106022426,101426061,98006664,99864867,106104853,97992994,106463550,106201342,106552553,106038764,106179844,106609901,101421773,106632602,106322641,97762353,99982032,106160728,99519330,106460102,106347003,98198717,97493620,99684850,100011230,99874423,106631917,106187068,106341805,106086652,105885691,99474962,97488594,106313541,106018634,100651808,105725226,100175017,106601849,106101675,106443742,99697473,105727257,101422051,106566106,106060336,106470298,106511319,106442390,97620326,106436868,99818951,101415956,99469309,106340823,99837655,99819321,106113576,99511350,99620662,101422855,106596427,105746674,106048185,99846629,99469021,106305758,106277864,105905662,106385813,106234066,97442181,105939832,97677259,106571105,106426583,99592543,99871480,100098725,98010005,106398631,106458891,99498673,99592758,106063077,106329757,106475863,100056063,101415128,93842104,106520402,99472136,106569881,106610433,105889627,99955139,98261566,106026964,106470486,106488810,101412485,105946966,106550202,99827734,101401139,106233403,93869723,106138666,106593315,106095265,99959200,97603671,106265496,97731424,106437868,97684919,106154772,105942932,99470660,106574361,106258533,98436956,98184953,100022585,106665265,106036019,106396888,99825632,106412101,99831329,99502596,105854210],0]

=== CHUNK 3 (len 1052) ===
CAMSkAYVigHM2swNqASxpNAFsCpMuAudApqJ_A64rwUjSwHXkQbIwwa8gQbPIOsC8w7BFKiJBPUGA8usvheQxf4D0g6qBrYCBJeEBLFo4Sy-gAWD0NwGh2qniQQ-sDH4QL5LiwXTogaFpwb-LaAC5aMFQu9OtAWSfIg75PMFkOUOmXeVfdwa2poGlwXPVZZbjm0D2GenVPYJuxOyEqQA4N8Go1E6qFmmBprYBqVKnD7SBbJLn8UGCIFiXNc46I0GygYwpyPwF7BezEPENats3R67FooEbu0AsUyxLIsUFJ8-sja7PvGRBtwUUtoL5hHzLd1LJoESmHzdGqka9Z8GFMIToVHHErhKjGPjFJ8FzCi4LsdNnB2PD6fD0wbY3p4GntdHggulRsJCnCailgOKAoUusBNw40icboh-1xalHY6wBt7TBckLm44G3gQFqReVTLoLxii0AgP2pwavWAP-PMGaBsOaBT7ebNbWBvEbzwOyRg8DyxmEE-QN60WJENVmnRD2MY47thMrhD_wPQOuI8VtgxPL-wbxBvAmoQbpLeoSpDPSCNwvsA7iN4gpo2uIGczuBgMDrmWAAwTWAbFMzQjHGf0GugTFIp4ZiA38EalXAwNhjQLNDQMDI8oDAwP5EzwDA-YZsATJBAPeI062Aqk48TrFaMsxqyREA_t95TjYBgPZAv8DAwMDA7gemAahAu4MkSvRVcgAvwDJJQOHCsoJmAHMGkQDAwMDhxDhBcQFhk2rCYc34gO4AQMDggDTAD_RFYcO4h_nH4UR2hyLLGjBF942iRasCp4ZxAUJjhmUBtAj_EzkhQbbLKg_AwOkLOwhA70JlwzLUMfMBroh4AWAEZwM8QWeTMoMjgbTCM1WnhgezA3vDpAajzkD6wbBogaQArAd0g_nMQCpZo8KyR3gGL8FLYYJsAO3D9EaGh8RgzDBFoYKgxUEBATpD-QEpCTNBYkJ2wqtJ_wBuB2hAtoBiAWTDr4WtyyXKK4NrwWBHAMB1AwDA_ZUi2y2CQO2Xrcm4Vq8UvmB1ALmugiA_Uyg35AG

=== CHUNK 4 (len 339) ===
chrome-context-v39 dark-theme google-sans-context enable-mweb-header-mavatar hide-ogb-signed-out-mweb light-theme lm-component-theme enable-lm-locale-line-height enable-lm-mobile-tokens enable-lm-non-latin-bold-weight enable-lm-spacing-tokens sidenav-mavatar-migration-enabled theme-host variable-context viewer-signed-out zero-state-theme

=== CHUNK 5 (len 543) ===
M6,8c1.1,0 2,-0.9 2,-2s-0.9,-2 -2,-2 -2,0.9 -2,2 0.9,2 2,2zM12,20c1.1,0 2,-0.9 2,-2s-0.9,-2 -2,-2 -2,0.9 -2,2 0.9,2 2,2zM6,20c1.1,0 2,-0.9 2,-2s-0.9,-2 -2,-2 -2,0.9 -2,2 0.9,2 2,2zM6,14c1.1,0 2,-0.9 2,-2s-0.9,-2 -2,-2 -2,0.9 -2,2 0.9,2 2,2zM12,14c1.1,0 2,-0.9 2,-2s-0.9,-2 -2,-2 -2,0.9 -2,2 0.9,2 2,2zM16,6c0,1.1 0.9,2 2,2s2,-0.9 2,-2 -0.9,-2 -2,-2 -2,0.9 -2,2zM12,8c1.1,0 2,-0.9 2,-2s-0.9,-2 -2,-2 -2,0.9 -2,2 0.9,2 2,2zM18,14c1.1,0 2,-0.9 2,-2s-0.9,-2 -2,-2 -2,0.9 -2,2 0.9,2 2,2zM18,20c1.1,0 2,-0.9 2,-2s-0.9,-2 -2,-2 -2,0.9 -2,2 0.9,2 2,2z

=== CHUNK 6 (len 275) ===
https://accounts.google.com/ServiceLogin?passive=1209600&amp;continue=https://gemini.google.com/share/83c3cc7d328e?skid%3Dacc9d26d-5bcb-477a-853a-ed3451561f44&amp;followup=https://gemini.google.com/share/83c3cc7d328e?skid%3Dacc9d26d-5bcb-477a-853a-ed3451561f44&amp;ec=GAZAkgU

